49
35
19
30
40
8
20
41
44
35
6
14
78
46
19
20
23
23
37
41
27
32
46
50
34
35
39
25
29
53
56
33
47
48
52
62
66
51
56
70
56
38
46
62
75
39
91
92
27
31
10
15
19
36
46
46
33
38
12
47
42
13
38
42
28
29
33
43
54
16
58
59
67
82
86
73
39
18
36
32
43
21
31
37
32
55
66
89
80
33
37
46
55
47
94
39
47
52
56
42
43
84
80
89
52
70
82
89
46
47
56
61
22
23
26
30
35
27
37
41
42
46
50
59
51
70
61
43
46
49
26
40
49
56
44
45
49
39
53
82
64
98
27
36
52
43
76
83
38
90
100
34
73
42
47
62
36
69
59
79
58
59
46
51
58
62
66
67
86
77
20
34
27
37
34
39
76
73
24
41
50
23
28
33
38
42
41
48
64
39
15
16
35
57
58
69
85
43
90
38
42
43
62
47
61
65
47
44
65
39
40
44
59
63
49
51
52
60
63
67
91
69
52
54
78
36
44
35
39
40
23
39
36
44
52
63
45
63
26
90
55
29
30
49
61
66
52
71
49
72
76
34
84
63
80
74
75
79
46
43
50
57
59
75
97
78
123
78
123
64
69
110
114
74
119
88
88
89
73
41
83
56
72
20
49
68
65
49
44
52
50
52
53
57
42
51
60
53
53
89
44
48
58
62
32
33
45
62
32
51
55
50
51
55
65
77
81
45
59
59
75
51
52
75
66
46
60
79
83
63
64
79
87
48
66
39
86
53
93
75
21
29
72
70
46
50
69
70
49
54
65
79
77
30
62
95
71
96
49
72
40
45
50
74
54
58
69
89
90
113
117
129
64
41
46
67
81
74
78
84
90
24
64
71
51
62
50
53
42
56
59
50
71
67
25
55
54
27
18
44
23
42
43
47
37
42
30
65
84
53
64
41
70
43
53
8
29
63
74
81
29
50
14
30
35
46
12
38
29
47
58
31
32
36
42
21
62
51
65
68
80
49
60
70
61
40
94
72
62
63
86
90
77
61
85
56
53
61
69
68
45
46
54
59
77
62
45
59
35
64
64
75
52
76
71
52
61
71
72
101
77
41
49
29
74
94
89
30
22
35
44
49
60
65
47
65
43
42
31
33
40
45
76
95
72
17
19
30
35
46
51
69
28
38
61
59
70
66
63
50
46
25
68
67
62
50
44
40
44
49
58
48
53
68
64
55
41
54
55
59
30
44
58
72
54
59
88
45
65
44
45
59
63
37
65
85
90
86
49
50
90
48
89
93
72
69
70
114
93
98
109
113
113
92
108
49
85
111
61
66
80
49
56
81
70
60
75
80
53
73
74
37
27
56
43
60
66
36
44
76
53
55
61
90
85
74
68
84
54
23
65
42
61
44
56
69
26
31
39
51
55
44
55
31
45
68
31
39
36
36
50
41
47
55
55
23
41
52
31
40
36
45
46
51
70
52
34
35
44
58
54
58
80
64
43
48
62
64
49
68
70
90
83
59
73
36
50
52
53
62
76
82
65
67
54
59
63
64
49
50
78
54
59
72
73
77
61
88
93
102
51
88
49
54
67
79
65
70
65
47
59
88
61
61
53
37
73
80
101
72
51
80
56
94
67
61
67
71
79
78
79
83
69
94
62
41
46
68
78
89
57
48
59
66
42
38
32
33
37
42
49
57
42
53
40
65
69
88
92
30
44
48
48
40
36
46
16
62
17
26
27
34
31
49
43
55
60
33
59
72
51
63
75
80
31
58
63
78
82
60
84
43
66
62
66
66
112
92
72
56
70
97
102
75
81
67
72
107
31
36
69
85
88
105
33
80
38
53
77
61
34
39
44
68
43
48
94
67
70
71
85
61
66
77
89
59
71
76
83
78
36
79
20
21
51
34
35
41
88
43
47
57
101
78
90
101
94
96
97
101
86
87
101
102
106
91
100
101
105
110
131
139
102
106
32
46
46
53
32
57
36
54
31
83
39
44
55
64
31
43
48
35
39
61
68
80
62
51
62
62
62
63
82
64
45
68
41
46
91
51
55
69
65
41
90
42
65
72
77
96
100
60
35
91
54
85
41
80
78
36
73
79
58
87
49
76
80
49
31
47
57
35
54
63
54
76
80
53
66
61
66
92
65
79
106
97
114
81
44
73
60
55
94
90
104
96
37
49
59
63
92
67
69
50
54
60
60
82
66
45
50
60
64
74
78
95
77
116
79
68
77
78
82
96
87
100
61
121
43
38
54
49
71
93
70
82
88
78
83
92
93
97
99
131
94
68
86
98
102
27
62
90
55
71
80
67
98
86
66
18
44
51
35
29
33
63
58
52
22
41
27
39
49
66
65
42
46
56
47
19
20
25
24
53
69
28
29
41
32
45
46
50
57
58
62
40
57
55
49
33
34
83
47
76
58
44
61
61
73
78
57
48
24
50
43
56
35
40
51
52
42
33
46
47
72
36
59
55
59
63
66
52
58
70
60
64
64
70
78
69
60
32
40
41
51
55
42
43
47
47
45
58
33
24
25
47
51
52
29
63
38
39
43
11
22
27
32
38
35
20
45
53
30
38
53
18
32
14
43
44
28
37
29
55
41
45
63
20
21
50
37
66
38
41
51
31
43
43
51
49
50
33
34
35
53
57
59
64
69
55
74
78
82
78
46
55
73
54
42
84
66
75
82
114
24
29
47
52
40
51
56
60
75
53
38
65
70
62
68
72
38
53
43
50
68
74
61
60
65
74
68
61
96
48
54
60
61
65
73
77
62
81
76
14
60
28
29
33
42
43
47
27
41
45
40
63
35
66
59
28
36
42
69
42
47
57
61
42
59
51
37
57
68
88
92
63
64
63
77
67
68
78
107
98
83
113
33
34
50
63
79
83
40
63
47
48
76
93
97
61
72
85
58
59
38
91
60
72
61
61
71
76
83
46
47
61
51
65
65
65
50
81
86
105
83
86
66
71
95
90
39
73
84
47
79
98
55
61
42
41
50
80
96
45
71
45
54
57
46
73
87
89
51
43
72
71
44
56
36
41
56
60
60
50
64
82
110
53
68
45
50
61
31
9
10
14
27
38
67
28
35
54
23
66
46
55
61
76
24
28
55
68
55
70
55
56
62
67
31
53
48
50
50
50
18
32
42
46
33
37
65
62
20
62
22
40
50
55
64
70
71
75
47
37
41
45
69
70
74
84
85
89
51
60
64
26
27
42
46
39
31
40
45
40
41
73
78
46
81
50
65
54
65
52
53
80
88
87
92
33
30
49
44
48
49
38
43
73
93
57
132
54
68
31
53
58
45
32
65
46
60
61
65
86
57
75
37
41
50
61
66
40
63
49
53
62
63
67
67
60
74
66
44
19
71
40
45
59
63
60
58
71
89
66
53
39
44
49
49
53
63
64
32
72
84
76
45
80
56
64
76
20
24
52
38
32
45
47
89
110
61
24
71
35
36
43
46
47
43
44
46
60
59
63
63
37
81
69
38
81
105
109
96
51
68
68
69
62
78
105
57
45
66
71
62
73
74
78
67
75
92
34
48
50
74
89
70
91
46
59
60
53
57
62
66
76
39
47
61
40
41
57
45
62
76
102
28
79
42
90
94
32
54
67
68
72
83
88
97
95
100
77
37
41
57
56
75
29
43
73
100
50
33
46
12
59
44
60
49
60
34
52
50
58
91
105
82
66
44
32
37
11
65
41
36
40
45
53
65
84
49
53
52
60
56
72
75
65
66
43
63
67
77
48
36
37
46
96
75
45
51
44
77
33
51
52
74
78
83
97
75
114
128
97
61
65
79
79
83
85
58
62
40
83
101
83
39
47
66
66
70
84
78
56
66
70
70
74
88
90
50
64
85
101
90
33
34
38
51
62
68
69
79
80
43
63
74
75
39
62
43
38
43
79
75
54
55
59
67
71
29
21
25
39
44
62
57
65
85
69
89
69
54
51
76
53
33
38
46
50
69
82
76
81
75
26
39
27
60
31
78
54
67
94
89
36
40
41
54
65
91
87
81
57
86
87
76
98
102
62
77
90
91
95
66
76
80
47
75
62
82
53
68
35
39
72
58
57
73
59
64
93
98
121
80
84
17
46
52
32
28
73
78
88
33
64
42
31
80
60
69
45
83
91
53
57
69
37
98
117
52
49
68
68
38
43
76
52
53
66
80
47
62
77
63
86
39
57
52
90
73
34
39
43
56
55
48
42
60
100
59
92
37
44
80
94
95
51
80
71
59
70
75
85
88
85
121
112
47
80
105
53
49
54
119
63
69
102
9
14
18
60
21
51
45
63
47
23
24
30
31
34
38
46
92
42
54
58
69
94
58
79
99
104
73
102
70
79
62
61
63
48
57
76
91
52
42
65
69
56
42
18
31
35
51
38
54
44
45
49
33
56
100
104
70
33
76
100
71
45
59
89
66
68
72
77
78
75
52
60
75
67
35
36
58
72
73
34
38
68
73
60
85
43
78
104
49
76
63
24
68
77
56
61
75
72
59
67
44
44
50
69
93
104
109
48
112
69
68
57
74
34
59
44
51
38
46
102
50
86
65
32
88
38
61
48
62
68
24
14
36
42
43
42
44
58
25
22
37
26
42
45
45
46
34
51
45
84
23
44
68
23
24
37
55
52
47
54
31
35
77
53
61
73
37
39
43
28
42
47
51
51
55
63
41
70
72
79
73
29
33
48
60
61
65
67
47
58
69
46
46
60
74
56
59
62
64
64
51
32
46
47
100
81
61
79
89
56
81
63
11
66
70
42
58
72
25
70
81
34
39
76
108
73
65
31
93
57
92
97
108
113
122
76
98
61
66
101
92
103
16
20
55
16
38
43
47
27
53
52
25
38
37
43
29
34
41
48
54
33
38
45
46
81
51
25
26
31
51
30
45
35
49
42
54
55
59
49
69
50
58
70
71
75
55
34
42
39
47
49
53
53
58
55
39
40
64
89
53
90
58
94
105
38
48
56
92
66
79
66
71
59
69
76
65
36
41
54
63
51
55
84
73
78
13
30
31
35
64
54
75
76
80
47
44
58
76
45
49
90
94
58
72
19
27
80
98
75
41
75
70
29
30
35
34
39
58
63
79
57
38
46
67
73
57
62
44
77
72
93
52
57
81
87
71
68
50
78
72
38
69
76
42
46
93
69
75
64
66
86
80
60
64
65
70
82
76
63
47
53
58
82
62
63
66
67
74
82
74
75
104
56
69
55
67
19
43
67
32
59
70
33
34
72
25
40
41
45
54
54
55
59
68
87
88
84
39
38
43
54
30
59
42
55
59
73
73
71
75
55
49
63
67
47
48
91
105
93
97
61
62
75
86
80
95
34
39
57
61
61
51
65
76
90
39
40
48
59
83
97
44
68
73
46
48
53
54
67
62
76
55
49
55
56
79
83
100
73
97
101
94
52
74
62
58
95
73
96
70
62
77
50
51
58
109
55
46
47
76
40
44
49
72
83
60
48
53
67
67
52
53
67
68
72
81
82
86
57
86
90
77
78
98
102
67
91
92
50
52
59
87
75
71
71
93
94
98
72
12
45
24
29
40
21
34
76
92
25
53
54
33
50
63
25
39
34
55
39
39
47
58
49
55
59
63
31
45
53
54
49
50
60
39
44
53
53
54
58
59
78
42
43
66
66
67
81
44
62
57
62
85
96
59
67
57
62
73
55
67
69
69
61
40
40
45
88
64
37
72
88
102
83
77
83
87
98
45
81
86
87
91
77
102
70
49
54
76
76
80
91
81
86
97
102
65
97
41
42
46
56
83
67
74
66
57
37
45
50
42
50
59
73
78
73
85
29
63
58
36
50
49
51
38
44
53
53
54
37
45
50
70
49
54
65
70
77
56
61
73
91
30
31
35
47
59
53
75
63
40
67
45
77
81
69
50
79
56
97
101
35
53
43
76
61
66
77
96
44
53
84
39
57
61
52
62
21
36
40
44
101
53
53
62
33
58
100
80
100
79
84
95
83
54
42
68
35
57
41
36
39
65
49
96
91
100
48
40
74
85
86
86
97
43
74
53
108
69
129
46
57
80
101
78
90
92
101
94
96
86
101
91
100
101
105
94
121
139
102
116
94
106
112
116
117
110
133
45
70
98
49
53
58
62
49
111
77
72
55
78
46
58
25
30
67
41
55
61
42
30
50
22
35
41
60
62
66
66
69
57
66
34
66
61
54
26
45
68
75
27
28
35
60
32
56
61
77
34
36
41
57
55
66
61
71
81
32
37
60
41
73
60
79
61
65
78
74
57
70
60
78
76
81
78
79
83
66
69
69
74
80
87
74
80
62
71
66
43
55
57
70
72
88
76
76
74
83
68
73
75
88
49
53
75
67
57
76
69
71
72
79
76
98
102
61
69
66
80
80
91
41
69
64
59
72
73
77
61
85
59
68
64
65
69
69
74
79
83
52
56
66
86
81
51
57
73
17
18
26
32
33
55
69
46
47
51
66
47
73
30
22
22
51
52
56
37
42
27
31
32
41
42
70
39
62
46
54
65
30
38
48
39
68
31
32
54
61
46
59
70
65
69
32
45
46
46
47
69
70
84
51
63
56
60
60
68
79
80
84
94
94
51
53
36
75
36
37
45
46
58
78
57
62
69
79
38
46
59
74
76
71
82
48
68
55
69
21
22
37
41
55
39
50
91
47
26
35
40
122
38
34
42
43
57
58
46
54
55
68
69
70
59
70
58
35
36
79
40
84
88
83
64
85
42
43
49
55
63
50
84
92
67
41
76
78
75
45
90
49
60
109
42
53
47
48
83
82
80
97
123
87
68
42
49
41
55
60
40
69
41
41
42
46
48
50
56
69
80
46
74
68
50
65
55
69
76
64
65
69
91
105
71
91
95
54
55
83
59
76
69
73
73
73
75
60
92
109
72
92
77
91
70
81
48
77
82
78
94
62
76
77
81
67
94
80
99
54
79
95
63
79
60
56
33
49
62
63
67
36
56
45
46
61
75
50
64
83
58
62
70
74
60
64
60
85
72
89
61
51
92
38
63
79
58
61
62
66
49
46
66
48
54
79
52
87
91
84
84
59
42
51
50
54
65
51
56
65
84
100
104
80
85
97
101
65
66
70
115
100
108
14
33
50
33
17
59
31
28
87
42
55
59
70
36
64
68
59
63
74
30
32
75
69
62
19
41
38
43
59
36
65
26
57
58
62
40
42
72
45
23
24
28
40
42
46
51
56
57
71
35
69
57
46
36
46
47
54
55
74
38
52
96
73
72
41
54
28
29
33
41
46
57
42
62
66
67
53
29
47
33
84
83
52
35
52
53
76
76
80
90
64
65
69
104
67
59
77
44
45
49
50
69
75
60
65
51
39
83
84
88
103
104
108
88
92
102
78
44
63
87
82
87
64
100
53
68
54
86
74
82
102
113
117
112
64
61
41
42
50
55
56
57
74
70
71
75
71
60
76
45
62
109
46
58
59
71
75
87
91
67
63
89
74
92
106
55
56
60
60
56
70
60
61
78
69
87
80
62
88
80
89
100
43
89
73
83
45
60
68
63
64
68
67
72
59
73
83
88
47
55
60
127
116
98
100
120
75
60
84
53
60
61
61
75
76
80
77
55
71
84
77
82
56
57
58
87
71
86
87
91
93
92
105
103
87
82
88
79
92
83
105
138
108
122
114
60
62
43
70
68
72
60
64
54
90
68
39
44
53
54
77
70
89
81
83
68
64
38
52
61
84
75
66
90
39
40
70
75
44
57
76
67
58
54
86
92
41
49
63
23
23
25
40
47
48
62
27
30
59
54
55
59
70
33
35
40
44
54
58
59
78
87
60
56
71
90
59
58
63
74
73
84
53
75
76
74
61
72
79
64
82
45
82
86
96
84
53
72
71
87
51
63
68
85
87
79
70
81
73
39
22
23
26
44
34
34
51
52
56
46
51
51
50
55
74
78
62
67
68
66
45
50
55
56
72
67
91
34
52
38
50
42
53
35
75
94
49
39
65
58
77
82
69
97
60
71
49
83
44
36
37
41
49
65
82
43
44
51
64
57
77
41
60
83
70
71
63
64
55
61
69
50
60
85
70
75
86
53
70
82
87
108
76
77
82
88
77
91
59
68
72
56
80
66
77
43
67
55
63
94
70
80
128
67
87
57
47
68
64
92
95
52
71
60
83
84
88
43
58
78
96
38
71
74
74
57
79
68
73
71
85
77
93
90
104
93
80
15
20
43
29
47
29
59
36
63
56
28
29
30
42
62
41
46
57
79
93
57
44
52
92
65
48
58
62
74
64
73
70
58
76
80
84
72
84
78
32
54
23
24
42
61
33
40
36
41
45
43
44
48
57
68
79
34
63
48
56
56
85
62
91
40
73
42
47
79
91
22
36
39
92
24
68
61
81
66
78
37
46
51
84
69
62
53
54
73
74
58
103
70
28
37
56
74
47
43
44
64
54
66
36
40
55
38
44
51
44
38
48
78
34
46
56
59
63
56
64
42
56
43
44
48
56
92
107
71
71
82
75
61
75
79
93
52
81
35
47
92
53
52
64
32
71
85
20
46
48
63
69
50
47
48
26
28
46
51
53
64
35
75
50
55
59
63
81
68
53
91
29
47
41
51
30
48
43
59
44
66
34
56
56
52
67
79
58
68
93
56
67
88
89
62
44
66
63
70
50
57
70
71
55
17
46
29
38
43
65
70
30
44
48
57
60
52
64
69
75
45
63
69
92
77
92
81
37
73
65
68
72
77
78
79
81
66
71
82
50
51
74
96
100
74
78
80
43
52
57
76
66
80
77
58
28
49
60
30
88
79
58
63
74
67
52
82
46
64
60
83
110
36
45
70
82
85
93
51
66
81
83
89
108
101
26
39
71
56
46
64
64
42
80
106
84
77
92
79
106
107
80
65
103
87
99
116
86
56
42
62
76
100
63
89
75
104
110
82
48
43
48
47
52
59
64
77
24
53
60
43
44
64
43
48
60
55
74
61
62
91
34
39
38
50
62
47
66
46
88
62
43
61
74
51
61
60
52
60
44
49
87
80
86
90
95
111
59
24
46
53
53
26
36
39
34
37
45
50
28
32
43
67
81
45
50
59
51
54
70
58
63
36
58
47
78
53
37
88
66
38
43
69
59
63
73
63
42
42
43
47
83
67
52
75
44
52
64
65
46
47
48
72
63
80
94
32
34
71
93
46
56
60
28
54
68
38
61
72
52
41
71
50
55
66
45
109
58
69
41
42
47
48
50
61
35
46
51
60
62
76
55
78
79
93
58
55
74
54
61
73
78
60
72
37
83
67
81
85
78
86
81
63
64
65
69
79
51
76
47
75
61
62
73
66
76
47
48
64
52
56
62
70
75
86
131
76
53
68
75
75
79
89
92
93
93
88
104
95
99
68
81
82
86
81
95
93
75
57
86
87
91
79
79
97
82
86
108
103
114
72
76
90
98
102
62
66
76
76
82
103
71
87
85
77
76
73
77
86
87
91
71
82
58
71
66
93
89
60
50
55
64
66
71
76
94
68
65
69
85
98
77
94
106
103
67
68
96
101
72
81
58
72
46
50
41
64
32
66
29
38
54
32
32
52
56
74
58
69
65
92
113
33
77
53
63
63
61
60
71
67
71
35
39
48
47
52
57
63
77
41
81
110
68
55
70
86
78
69
88
39
47
48
53
47
62
68
48
117
41
53
78
72
80
78
98
57
77
91
102
39
73
90
68
29
43
56
60
60
50
39
53
103
73
62
73
66
72
52
110
116
28
32
33
52
49
67
69
41
60
69
74
58
62
42
43
48
47
55
65
47
59
59
71
76
51
59
63
90
72
57
71
85
71
63
68
88
67
79
91
96
71
82
96
47
61
51
56
75
65
55
63
60
67
106
76
59
82
82
88
112
75
80
73
93
83
85
68
63
64
68
78
84
88
79
84
98
67
71
81
65
66
70
75
80
86
53
66
68
72
33
35
52
54
62
45
47
71
77
54
57
86
65
70
81
93
62
66
47
67
76
61
51
60
79
59
67
78
64
71
83
110
83
80
86
92
87
101
78
79
97
77
82
89
101
97
93
105
107
75
87
99
54
49
71
50
55
96
66
76
90
90
96
91
88
109
56
57
61
79
71
77
85
48
65
67
32
76
70
54
66
60
63
78
72
42
70
71
75
89
43
71
68
66
49
73
60
88
34
103
50
56
46
73
60
103
70
83
48
49
71
55
58
59
87
74
49
60
63
68
72
79
82
80
83
53
73
52
53
57
68
54
97
96
103
58
71
76
69
65
74
75
79
90
85
69
89
97
83
88
92
93
97
108
87
101
96
96
104
71
85
80
106
110
99
40
74
58
45
74
88
51
71
88
89
54
84
61
77
93
109
74
75
88
89
97
93
73
84
81
95
96
100
116
75
80
91
94
67
63
92
145
88
92
96
93
21
53
57
61
25
30
45
58
68
59
69
43
70
71
34
35
48
53
54
64
55
60
51
60
52
58
67
43
47
48
55
69
71
67
71
56
61
72
53
36
58
64
52
68
60
45
56
72
46
50
72
61
40
48
58
48
58
67
78
49
58
72
50
66
75
82
82
60
64
74
59
83
84
91
61
29
58
45
47
62
51
55
59
68
71
40
72
76
67
91
78
92
68
85
44
69
70
68
72
77
97
87
52
56
67
72
62
84
90
88
86
70
75
121
86
53
63
64
77
33
82
51
51
44
34
38
59
48
86
90
61
76
80
85
95
80
71
37
76
96
100
104
62
71
49
95
74
30
45
59
49
48
53
71
62
75
86
65
70
81
89
76
46
67
42
63
80
110
44
80
68
49
56
57
89
46
66
51
62
61
39
43
44
48
68
69
65
57
69
83
75
86
91
89
50
54
99
79
58
59
63
86
79
60
74
75
54
62
67
80
85
78
63
72
97
58
78
61
52
72
51
56
67
53
60
89
64
63
58
77
106
63
82
95
66
98
68
60
62
69
79
115
74
75
87
101
78
72
77
88
72
87
41
56
54
91
59
63
73
65
81
45
78
82
80
96
64
73
92
92
97
93
34
76
120
35
36
92
49
46
28
35
68
40
67
59
97
98
102
67
68
72
83
61
82
67
37
45
42
62
81
83
47
67
52
76
95
79
92
73
32
44
49
52
53
62
86
42
85
87
58
71
69
81
55
46
50
78
63
65
66
58
81
71
85
59
60
88
105
69
76
73
89
88
75
87
95
126
78
79
67
48
31
74
78
75
54
59
70
87
97
111
36
51
62
57
46
53
87
94
108
75
73
59
83
84
108
75
70
77
101
80
89
52
66
54
68
77
78
81
100
51
80
56
79
33
33
55
70
57
73
79
85
100
38
43
64
84
68
46
79
79
47
90
68
37
73
42
75
55
60
112
71
72
83
47
89
96
102
104
69
89
85
99
49
74
87
77
92
106
94
56
57
79
76
80
102
106
66
79
98
80
70
89
84
95
94
81
58
80
92
93
75
89
79
88
74
102
76
114
89
36
57
113
89
91
92
79
53
49
81
91
60
58
57
43
63
65
40
47
68
81
86
92
35
62
44
48
78
97
71
102
34
55
66
72
76
86
86
54
61
81
102
93
82
46
96
57
66
92
72
78
60
67
94
73
99
97
81
95
75
82
86
41
85
32
41
42
64
46
48
56
57
46
60
55
72
72
50
56
46
57
63
54
56
65
60
74
60
78
73
